300 1
0 9
0 7
0 6
0 9
0 15
0 3
0 7
0 10
0 14
0 16
0 1
0 9
0 8
0 4
0 11
0 15
0 12
0 16
0 15
0 20
0 11
0 12
0 9
0 9
0 11
0 16
0 1
0 9
0 2
0 14
0 3
0 11
0 19
0 8
0 7
0 4
0 10
0 20
0 20
0 2
0 11
0 12
0 20
0 17
0 7
0 1
0 9
0 15
0 6
0 7
0 8
0 14
0 3
0 3
0 16
0 8
0 2
0 20
0 16
0 3
0 9
0 11
0 8
0 6
0 9
0 15
0 17
0 5
0 11
0 4
0 2
0 19
0 11
0 11
0 8
0 1
0 9
0 19
0 19
0 20
0 7
0 20
0 18
0 7
0 8
0 8
0 18
0 15
0 12
0 12
0 6
0 20
0 16
0 16
0 15
0 8
0 13
0 14
0 20
0 17
0 13
0 6
0 3
0 20
0 13
0 2
0 5
0 9
0 7
0 9
0 18
0 7
0 19
0 4
0 15
0 10
0 18
0 5
0 7
0 2
0 8
0 11
0 7
0 17
0 9
0 18
0 7
0 11
0 3
0 16
0 2
0 7
0 2
0 10
0 20
0 16
0 18
0 12
0 11
0 7
0 3
0 18
0 1
0 11
0 10
0 18
0 6
0 6
0 12
0 9
0 2
0 9
0 2
0 10
0 14
0 20
0 12
0 2
0 4
0 9
0 3
0 10
0 12
0 11
0 8
0 2
0 15
0 16
0 13
0 17
0 2
0 9
0 1
0 4
0 16
0 8
0 20
0 14
0 19
0 8
0 9
0 5
0 5
0 3
0 6
0 10
0 13
0 20
0 3
0 14
0 19
0 4
0 3
0 20
0 14
0 13
0 12
0 19
0 7
0 8
0 2
0 4
0 19
0 17
0 12
0 16
0 20
0 20
0 12
0 10
0 13
0 16
0 13
0 10
0 4
0 2
0 6
0 5
0 7
0 17
0 9
0 13
0 8
0 9
0 20
0 19
0 4
0 3
0 6
0 14
0 20
0 6
0 16
0 19
0 12
0 10
0 20
0 5
0 20
0 6
0 4
0 9
0 13
0 16
0 5
0 9
0 3
0 5
0 18
0 8
0 1
0 6
0 12
0 7
0 18
0 11
0 17
0 19
0 5
0 17
0 15
0 7
0 12
0 15
0 17
0 18
0 15
0 8
0 9
0 11
0 19
0 5
0 14
0 4
0 12
0 20
0 3
0 4
0 7
0 1
0 8
0 7
0 13
0 3
0 4
0 19
0 9
0 16
0 6
0 10
0 9
0 1
0 1
0 19
0 14
0 13
0 16
0 4
0 4
0 8
