300 300
0 10
1 7
1 2
1 12
1 3
1 15
1 1
1 19
1 2
1 20
1 4
1 20
1 11
1 10
1 6
1 14
1 16
1 1
1 6
1 12
1 18
1 19
1 4
1 14
1 15
1 7
1 17
1 11
1 2
1 6
1 13
1 10
1 16
1 9
1 18
1 18
1 2
1 13
1 16
1 18
1 9
1 15
1 7
1 11
1 12
1 14
1 2
1 13
1 11
1 6
1 1
1 8
1 14
1 14
1 5
1 20
1 14
1 15
1 1
1 2
1 6
1 14
1 12
1 1
1 3
1 6
1 5
1 12
1 17
1 16
1 9
1 17
1 13
1 20
1 18
1 6
1 16
1 8
1 11
1 20
1 9
1 13
1 4
1 11
1 15
1 1
1 5
1 9
1 5
1 11
1 10
1 4
1 13
1 5
1 15
1 13
1 8
1 13
1 18
1 3
1 15
1 18
1 18
1 6
1 11
1 16
1 3
1 2
1 11
1 5
1 17
1 9
1 5
1 19
1 3
1 1
1 4
1 5
1 20
1 13
1 10
1 17
1 19
1 4
1 10
1 6
1 10
1 19
1 9
1 20
1 15
1 10
1 12
1 15
1 7
1 2
1 9
1 20
1 5
1 7
1 14
1 7
1 13
1 6
1 4
1 16
1 4
1 5
1 17
1 13
1 11
1 4
1 2
1 10
1 1
1 20
1 12
1 17
1 16
1 7
1 20
1 1
1 19
1 16
1 20
1 17
1 1
1 15
1 11
1 2
1 18
1 1
1 2
1 2
1 4
1 8
1 6
1 13
1 13
1 16
1 7
1 6
1 13
1 16
1 17
1 7
1 2
1 15
1 20
1 13
1 1
1 8
1 17
1 1
1 15
1 8
1 17
1 5
1 19
1 13
1 14
1 4
1 4
1 11
1 18
1 12
1 5
1 1
1 20
1 7
1 14
1 14
1 9
1 20
1 10
1 5
1 19
1 4
1 13
1 8
1 11
1 2
1 2
1 19
1 5
1 11
1 12
1 3
1 3
1 2
1 12
1 20
1 14
1 7
1 13
1 16
1 13
1 17
1 18
1 20
1 14
1 12
1 8
1 10
1 14
1 7
1 14
1 1
1 5
1 16
1 18
1 18
1 16
1 13
1 19
1 19
1 9
1 20
1 10
1 18
1 16
1 18
1 7
1 7
1 6
1 18
1 9
1 6
1 5
1 9
1 13
1 2
1 9
1 8
1 10
1 1
1 11
1 10
1 16
1 20
1 13
1 16
1 11
1 15
1 8
1 1
1 14
1 18
1 2
1 10
1 16
1 14
1 7
1 6
1 20
1 5
1 11
1 14
1 8
1 14
