300 150
0 12
292 7
31 3
85 5
182 5
279 18
255 19
0 7
14 11
132 2
0 11
130 4
147 6
292 6
118 11
137 5
215 7
0 5
0 14
284 7
216 13
127 5
29 14
100 20
0 18
215 15
0 16
247 8
14 17
89 14
0 13
246 2
204 2
285 10
284 6
0 10
0 18
0 11
257 14
221 16
93 7
0 19
166 17
278 13
119 7
134 10
148 10
0 14
0 17
5 14
0 19
207 3
0 8
109 13
254 13
26 8
0 8
0 1
5 2
0 2
114 13
255 10
282 18
0 12
2 9
17 20
0 15
0 18
0 13
14 15
188 14
0 17
268 6
0 17
188 20
152 14
291 6
268 4
0 10
0 11
0 18
0 16
118 12
0 12
172 9
170 2
256 20
0 11
277 1
183 13
0 18
194 1
169 1
0 14
0 18
266 5
135 13
0 20
148 11
277 19
181 6
57 5
58 9
237 1
206 16
187 7
148 2
8 20
77 5
3 9
2 17
0 6
0 10
120 7
0 12
264 1
126 20
233 9
0 2
0 5
259 14
107 15
0 13
182 9
43 9
111 11
291 1
0 18
225 12
0 4
0 11
216 8
66 9
183 4
2 1
227 11
2 19
289 14
84 1
268 9
0 1
52 13
0 2
214 19
2 16
19 9
0 15
51 10
119 18
92 15
107 12
79 14
284 1
86 8
62 20
0 3
111 20
224 13
194 2
176 18
45 17
8 10
128 9
290 20
279 10
90 13
0 3
213 15
0 14
255 17
14 3
182 4
105 17
135 17
0 12
41 8
0 19
124 18
298 6
0 18
253 16
0 17
0 5
24 7
59 17
0 15
6 16
282 16
298 2
0 10
292 5
0 16
256 19
0 1
216 3
124 2
0 11
62 4
100 7
16 15
298 1
0 4
122 12
0 10
51 14
109 5
0 1
81 16
0 14
0 16
0 5
0 6
251 2
0 5
2 19
37 17
202 12
141 17
98 2
230 13
0 14
214 8
0 5
70 16
298 6
245 12
10 9
29 14
282 18
98 12
84 8
128 12
266 13
0 14
0 18
266 14
92 10
221 11
188 17
6 13
0 17
0 4
119 17
225 4
58 4
255 15
0 12
0 8
124 15
0 13
174 7
0 3
0 20
40 17
6 9
292 10
0 16
0 9
189 15
234 14
213 8
0 18
0 8
0 11
282 16
57 15
239 4
183 2
179 17
189 14
0 4
229 6
59 16
0 20
0 2
288 11
0 16
64 15
0 1
1 20
0 16
0 5
257 5
0 6
0 9
25 10
15 2
145 3
0 1
24 5
187 9
0 7
74 3
46 7
158 4
196 17
227 18
0 16
0 4
274 7
