100 50
0 8
1 4
2 19
3 12
4 4
5 13
6 20
7 13
8 16
9 8
10 2
11 10
0 11
13 5
14 3
15 3
16 17
17 19
18 4
19 14
0 10
21 8
22 4
23 3
24 4
25 7
26 3
27 11
28 4
29 15
30 12
0 14
32 4
33 20
34 10
35 14
36 6
0 14
38 16
39 13
40 13
41 16
42 13
43 10
0 17
45 1
46 9
47 10
48 14
49 7
50 16
51 13
52 7
53 5
54 20
0 1
56 20
57 18
58 16
59 9
60 8
61 4
62 13
63 4
64 17
65 12
0 13
67 9
68 18
69 10
0 6
71 7
72 5
73 5
0 9
75 17
76 20
77 7
78 17
79 2
80 4
0 2
82 12
83 16
0 3
85 1
86 13
87 19
88 2
89 12
90 6
91 7
92 17
93 4
94 20
95 4
0 1
97 20
98 6
99 20
