300 299
0 5
1 20
2 19
3 7
4 3
5 18
6 17
7 7
8 8
9 2
10 14
11 14
12 12
0 3
14 5
15 1
16 12
17 14
18 17
19 14
20 10
21 17
22 3
23 8
24 6
0 18
26 11
27 6
28 17
0 16
0 17
31 12
32 2
0 10
34 17
0 9
36 9
37 4
38 8
39 19
40 3
41 6
42 6
43 9
44 7
0 11
0 8
47 5
48 10
0 5
50 3
0 15
52 3
53 12
54 17
55 18
56 3
57 1
58 8
59 6
60 4
61 15
62 19
63 8
64 19
65 9
66 4
67 5
68 1
69 19
70 4
71 3
72 3
0 7
74 4
75 13
0 6
77 18
78 9
79 11
0 11
0 18
82 5
83 14
84 3
85 7
86 7
87 14
88 2
89 12
90 4
91 5
92 9
93 11
0 8
95 18
96 15
97 3
98 11
0 6
100 6
101 5
102 4
103 3
104 15
105 1
106 14
107 3
108 17
109 10
110 7
111 2
112 16
113 7
114 3
115 5
116 7
117 8
118 13
0 7
120 16
121 7
122 20
0 13
0 11
125 13
126 5
127 19
128 8
129 18
130 2
131 5
132 20
133 1
0 9
0 14
136 5
137 6
138 9
139 20
140 19
0 1
142 20
143 19
144 3
145 1
0 1
0 20
0 7
149 13
150 16
151 3
152 15
153 20
154 6
0 5
156 10
157 7
158 4
159 2
160 6
161 12
162 11
0 2
164 11
165 14
166 18
167 17
168 8
169 11
170 6
171 8
0 3
173 9
174 13
175 4
176 13
0 14
178 10
179 12
180 14
181 1
182 16
183 3
184 11
185 15
186 10
187 7
188 8
189 9
190 5
191 11
0 14
193 8
194 10
195 19
196 9
0 14
0 12
0 17
200 11
201 14
0 18
203 9
204 9
205 6
206 5
207 19
208 4
209 9
0 3
211 4
212 19
213 9
214 4
215 9
0 11
217 20
218 8
219 10
220 12
221 2
222 7
223 11
224 11
225 6
226 12
227 2
228 8
229 2
230 18
231 11
232 18
233 19
234 15
235 3
236 9
237 10
238 2
239 1
240 5
241 16
242 11
0 4
244 14
0 18
246 4
247 1
248 9
249 10
250 19
251 7
252 4
253 13
254 2
255 19
256 15
257 11
258 5
0 19
260 12
261 18
262 3
263 13
264 19
265 4
266 8
267 11
268 6
269 15
270 11
271 18
272 11
273 3
274 14
275 14
0 14
0 5
278 14
0 15
0 8
0 17
282 1
283 2
284 17
285 15
286 17
0 7
288 20
289 14
290 5
0 4
0 5
293 18
294 8
0 12
296 15
297 10
298 1
299 8
