1000
288 1
520 1
485 0
173 0
955 0
889 0
876 0
305 1
358 1
926 1
86 1
147 0
597 0
84 1
163 1
877 0
354 1
670 1
286 0
945 0
676 0
646 0
131 0
691 1
519 0
787 1
618 0
609 1
802 0
471 1
695 0
193 0
789 1
372 1
789 0
8 0
291 1
16 0
246 1
212 1
379 0
393 0
200 1
151 0
376 0
4 1
597 1
142 0
770 1
907 0
959 0
519 0
932 0
437 1
764 1
223 0
120 1
656 1
866 0
450 1
377 1
117 0
513 1
436 0
378 1
706 0
30 1
985 0
365 0
154 0
379 0
451 0
379 0
383 1
975 1
821 1
773 1
159 0
12 1
453 0
819 1
992 0
579 0
559 0
311 0
850 0
786 0
336 0
356 1
955 0
410 1
453 0
601 0
604 1
552 0
372 0
235 0
945 0
254 1
637 1
988 1
592 1
527 1
558 1
509 1
925 0
443 0
168 1
662 1
607 0
791 1
151 1
748 0
549 1
251 0
118 0
412 0
277 0
19 1
246 1
76 0
540 1
2 0
286 0
852 1
554 1
984 0
446 1
915 0
344 0
99 0
254 1
322 0
177 0
441 1
795 0
238 1
984 0
239 1
497 1
522 0
9 0
473 1
193 0
224 1
46 0
967 0
520 0
261 1
931 0
165 1
726 0
421 1
84 0
153 0
311 0
395 1
373 1
14 1
120 0
29 1
166 0
71 0
440 1
899 1
930 0
726 1
457 1
651 1
87 0
52 0
379 0
942 0
356 1
158 0
683 0
188 1
965 0
69 0
28 1
981 0
736 1
240 0
545 1
266 1
847 0
219 0
984 0
895 1
886 0
643 0
403 1
775 0
769 0
206 1
522 1
73 0
839 1
108 1
145 1
342 1
189 0
478 1
303 0
827 0
93 0
612 0
486 0
942 1
971 0
661 1
14 0
687 0
103 1
525 0
159 0
799 0
73 1
109 0
569 0
369 1
763 1
947 1
771 1
564 1
350 1
993 1
719 1
350 1
225 1
506 0
665 1
751 1
159 1
674 1
532 0
878 0
776 1
624 0
493 1
852 0
807 1
737 1
629 0
959 0
538 0
359 1
742 1
301 1
855 0
998 1
205 0
365 0
61 1
57 0
210 1
847 1
876 1
486 0
960 1
891 0
289 0
875 0
199 1
473 1
654 1
410 0
499 1
139 0
438 1
174 1
859 1
279 0
305 1
618 0
86 0
148 0
706 0
888 0
683 0
251 0
862 0
5 1
81 0
991 1
699 1
725 0
770 0
747 0
352 0
988 0
99 0
755 1
175 0
296 1
674 1
187 1
482 1
755 0
385 1
356 0
990 0
1 0
422 0
678 1
503 0
890 0
651 1
425 1
732 0
514 0
265 0
655 0
782 0
113 0
534 0
650 0
451 0
315 0
848 0
720 0
887 0
801 1
23 0
546 0
887 1
62 1
807 0
265 0
440 0
95 1
363 1
708 1
439 1
714 1
668 1
203 1
815 1
68 0
184 0
659 0
581 1
412 1
395 1
897 0
789 1
752 0
28 0
766 1
123 0
413 0
120 1
140 0
633 0
293 0
110 0
584 1
316 1
692 1
151 1
56 1
22 0
358 0
582 0
964 1
388 1
502 0
935 1
843 1
384 0
324 1
235 0
441 1
755 0
5 1
69 1
807 0
569 1
173 1
537 0
248 0
604 0
257 0
758 0
213 1
531 0
188 0
278 0
304 1
230 0
806 0
352 1
426 1
437 1
453 0
147 0
980 0
46 0
893 0
369 0
535 1
385 0
852 0
293 1
162 1
123 0
470 0
635 1
800 1
596 1
108 1
616 0
94 0
613 1
123 0
610 0
205 0
858 1
401 0
249 1
345 1
428 0
445 0
938 0
884 0
334 1
467 0
886 0
852 1
25 0
787 1
490 1
498 1
371 1
861 0
988 1
497 0
3 1
670 0
677 0
406 0
814 0
734 1
341 0
987 0
862 1
670 1
919 1
777 0
10 0
877 1
213 1
279 1
644 1
411 1
368 0
550 1
590 0
726 1
724 0
692 0
892 1
538 0
611 1
838 0
357 0
656 0
975 1
305 1
14 1
273 1
135 1
299 0
583 1
954 1
649 1
39 0
265 0
450 0
243 1
84 1
504 0
424 1
490 1
43 1
231 0
819 1
571 0
926 0
232 0
232 1
224 0
18 1
259 0
954 0
694 1
919 0
182 0
286 1
187 0
206 0
778 0
247 0
119 1
493 0
679 0
441 0
205 1
695 1
688 1
803 1
638 0
566 0
76 1
58 1
835 1
495 1
960 0
474 0
168 0
202 0
349 0
325 0
735 1
772 1
7 1
245 1
22 1
283 0
529 1
472 0
81 1
921 1
320 1
592 0
737 0
981 1
72 0
973 0
507 0
908 0
934 0
334 0
96 0
433 1
763 0
735 1
431 0
2 0
360 1
925 0
553 1
401 1
238 0
607 1
96 0
318 1
156 0
161 0
691 0
959 1
765 0
954 0
954 1
572 1
410 0
998 0
905 0
868 0
794 0
385 1
687 1
157 0
728 0
33 0
57 1
525 0
684 1
456 0
212 1
260 1
244 1
749 1
223 0
708 0
654 1
725 1
23 0
155 0
698 1
649 0
625 1
921 0
830 1
62 1
424 1
730 0
572 1
326 0
546 0
759 1
63 0
51 0
756 0
409 1
731 1
606 0
458 0
538 1
34 1
168 1
609 1
304 1
909 0
137 1
420 1
635 1
700 0
905 1
269 1
757 0
554 1
378 0
240 0
953 1
925 0
65 1
593 0
499 0
685 0
884 0
164 1
351 0
796 1
568 0
440 1
2 0
142 1
316 1
20 1
138 1
620 1
412 0
531 0
586 0
37 0
912 0
691 1
576 1
64 1
428 0
318 1
797 1
518 0
784 0
156 0
815 1
642 1
393 1
493 0
439 0
358 0
908 1
273 0
380 1
279 1
781 0
558 0
136 0
118 1
691 1
252 0
638 0
442 1
920 1
681 0
311 0
151 0
625 0
674 1
195 0
35 1
967 0
128 1
318 1
880 1
849 0
939 0
714 0
797 1
60 1
294 1
731 0
710 0
617 0
499 1
201 1
937 1
479 1
993 0
767 1
102 0
749 1
270 0
65 1
754 0
146 0
506 0
191 0
660 0
854 1
308 1
20 0
743 1
473 1
294 0
174 1
501 1
471 0
820 1
149 0
783 0
647 0
385 0
228 1
541 0
301 1
119 0
731 0
508 0
883 1
136 1
830 1
741 0
346 0
863 1
565 0
156 1
548 1
853 1
179 0
428 0
658 1
747 0
348 0
326 1
850 0
601 0
231 0
150 1
181 0
616 1
33 1
688 0
109 0
202 1
167 1
637 1
317 1
163 1
623 0
323 0
517 1
667 0
574 1
735 0
394 1
249 0
791 1
545 0
546 0
225 0
151 1
509 1
808 1
677 0
720 1
850 0
96 0
194 0
961 0
314 1
681 0
61 1
48 0
154 1
299 1
904 1
172 0
744 1
557 0
25 0
732 1
284 0
93 1
802 1
331 0
75 1
504 0
778 0
381 1
443 1
582 0
30 0
171 0
826 0
577 0
303 0
658 1
290 1
199 1
773 1
887 1
346 1
608 0
50 0
905 1
345 1
493 1
423 1
61 0
925 1
318 1
422 0
459 0
960 0
564 0
764 1
365 0
527 1
504 1
974 1
63 0
756 0
154 0
387 0
271 1
979 1
83 1
297 1
450 0
420 1
635 0
625 0
199 1
476 0
679 0
395 1
943 1
397 0
876 1
649 0
987 1
513 0
54 1
687 0
277 1
491 1
962 1
926 0
386 0
533 0
224 0
299 1
971 1
898 0
640 1
296 0
696 1
828 1
128 1
339 1
808 0
872 0
537 0
364 0
898 1
226 0
277 1
416 0
759 1
144 0
386 1
789 1
287 0
864 0
867 1
695 1
137 1
51 0
619 1
390 0
269 0
52 0
36 1
436 0
79 1
418 1
797 1
994 1
846 0
337 0
699 0
645 0
840 0
869 0
373 0
186 0
562 1
534 1
274 0
808 1
909 1
60 0
905 1
162 1
959 1
768 0
78 0
266 0
396 1
57 1
189 0
700 1
679 1
328 1
282 1
257 1
345 1
850 1
949 0
292 1
942 1
997 1
948 1
21 1
841 0
915 1
274 1
656 1
697 1
336 1
141 0
573 1
749 1
497 0
519 0
81 1
425 0
91 1
955 1
277 1
530 0
677 1
559 0
128 1
670 1
906 1
966 1
634 1
619 0
145 1
120 0
282 0
956 1
69 0
623 0
444 0
468 0
840 1
302 0
980 1
478 0
98 0
71 0
94 1
87 1
64 1
817 0
503 0
621 0
700 1
478 1
457 1
529 1
847 1
659 1
550 1
32 0
203 1
383 1
774 0
780 0
847 0
157 0
310 1
895 1
929 1
419 0
455 0
