16
0 582222084 -933230384 -155447690 173294545 886445774 878467801 -704599841 299498345 281406266 335587805 -397607959 517926738 525089594 847468546 523734412
582222084 0 983145542 -47252813 -640881362 125595844 319283132 -239043087 -605669390 -13215242 892464682 519728939 -224140666 -681819859 -890060436 616611592
-933230384 983145542 0 737581398 -881176492 -908266114 866633971 687309974 844361858 -198263744 476879793 -78507285 -447052204 332342952 -616465824 -251788471
-155447690 -47252813 737581398 0 -514998838 647164423 -598044740 -407030511 320036146 780559477 548898690 647440282 -475610101 -431934771 23002643 -940520828
173294545 -640881362 -881176492 -514998838 0 -917278682 336155208 398248021 -334419944 695678417 -85049949 435541499 700866028 -596925831 596815974 859324968
886445774 125595844 -908266114 647164423 -917278682 0 -530967977 -193127912 -497031169 -287788392 -992771325 -822286592 458192314 -76466285 489849107 75175847
878467801 319283132 866633971 -598044740 336155208 -530967977 0 -231649382 -440494496 242442344 -155201759 -214262121 -805232939 -640193893 677852298 229275103
-704599841 -239043087 687309974 -407030511 398248021 -193127912 -231649382 0 134824198 714237590 -701263179 388695239 -797801058 -996254898 800058259 168633303
299498345 -605669390 844361858 320036146 -334419944 -497031169 -440494496 134824198 0 -115645192 764453802 679958463 784153215 127901881 308828504 783795518
281406266 -13215242 -198263744 780559477 695678417 -287788392 242442344 714237590 -115645192 0 238003878 -343596130 961302333 -242625159 -108905877 794990855
335587805 892464682 476879793 548898690 -85049949 -992771325 -155201759 -701263179 764453802 238003878 0 -688195869 -788997848 526056887 761575444 390053237
-397607959 519728939 -78507285 647440282 435541499 -822286592 -214262121 388695239 679958463 -343596130 -688195869 0 662559675 -840202360 34866139 726082179
517926738 -224140666 -447052204 -475610101 700866028 458192314 -805232939 -797801058 784153215 961302333 -788997848 662559675 0 -424349676 115986419 703613892
525089594 -681819859 332342952 -431934771 -596925831 -76466285 -640193893 -996254898 127901881 -242625159 526056887 -840202360 -424349676 0 -926395224 71025407
847468546 -890060436 -616465824 23002643 596815974 489849107 677852298 800058259 308828504 -108905877 761575444 34866139 115986419 -926395224 0 349940574
523734412 616611592 -251788471 -940520828 859324968 75175847 229275103 168633303 783795518 794990855 390053237 726082179 703613892 71025407 349940574 0
