16
0 284948682 568784990 796693161 670151559 740112776 828763926 499348037 -861002018 -470179553 -53218228 -465024967 -66073819 -468878423 -175049080 -573100798
284948682 0 687195818 979813530 107731226 648202107 321913275 977861038 -715002114 -704408479 -225171071 -99965605 -306125081 -165950356 -910071454 -83258625
568784990 687195818 0 358581658 845441566 343752566 266034502 56871516 -255464011 -390003057 -250150786 -466942318 -123428016 -896039012 -681698849 -75467436
796693161 979813530 358581658 0 441074115 575318825 660984276 739667633 -914741162 -897658706 -802254065 -683859713 -831808818 -471262889 -395829355 -863523997
670151559 107731226 845441566 441074115 0 88247587 145611758 725780573 -927481031 -125348555 -374044379 -332102960 -112421980 -395977867 -148731238 -988302906
740112776 648202107 343752566 575318825 88247587 0 119157453 215399658 -390144254 -834328157 -280900171 -476510935 -198094509 -677702947 -402913259 -343138819
828763926 321913275 266034502 660984276 145611758 119157453 0 799324914 -274215851 -365039133 -782603658 -766150733 -241943326 -387962464 -917810634 -753906210
499348037 977861038 56871516 739667633 725780573 215399658 799324914 0 -443406638 -58247101 -597609804 -686370672 -251253298 -274505684 -388907681 -902201179
-861002018 -715002114 -255464011 -914741162 -927481031 -390144254 -274215851 -443406638 0 329159655 513032842 550366336 368704720 568779091 897777613 339053322
-470179553 -704408479 -390003057 -897658706 -125348555 -834328157 -365039133 -58247101 329159655 0 185647229 793338666 983003611 342381932 902254133 728336627
-53218228 -225171071 -250150786 -802254065 -374044379 -280900171 -782603658 -597609804 513032842 185647229 0 959879621 641564561 79253735 127976005 713160847
-465024967 -99965605 -466942318 -683859713 -332102960 -476510935 -766150733 -686370672 550366336 793338666 959879621 0 417407620 180103576 382097762 440615349
-66073819 -306125081 -123428016 -831808818 -112421980 -198094509 -241943326 -251253298 368704720 983003611 641564561 417407620 0 550576152 751538924 869869791
-468878423 -165950356 -896039012 -471262889 -395977867 -677702947 -387962464 -274505684 568779091 342381932 79253735 180103576 550576152 0 356601244 194215182
-175049080 -910071454 -681698849 -395829355 -148731238 -402913259 -917810634 -388907681 897777613 902254133 127976005 382097762 751538924 356601244 0 843423319
-573100798 -83258625 -75467436 -863523997 -988302906 -343138819 -753906210 -902201179 339053322 728336627 713160847 440615349 869869791 194215182 843423319 0
